[[0.16 0.4  0.38 0.08]
 [0.1  0.3  0.54 0.08]
 [0.08 0.36 0.5  0.08]
 [0.34 0.02 0.46 0.2 ]
 [0.16 0.32 0.4  0.14]
 [0.22 0.08 0.62 0.08]
 [0.18 0.28 0.36 0.18]
 [0.2  0.6  0.02 0.18]
 [0.3  0.4  0.24 0.08]
 [0.2  0.4  0.32 0.12]
 [0.12 0.14 0.66 0.12]
 [0.32 0.26 0.38 0.06]
 [0.2  0.34 0.28 0.22]
 [0.18 0.22 0.5  0.12]
 [0.28 0.36 0.32 0.06]
 [0.14 0.2  0.58 0.1 ]
 [0.1  0.4  0.44 0.08]
 [0.14 0.18 0.56 0.14]
 [0.26 0.14 0.48 0.16]
 [0.16 0.3  0.48 0.1 ]
 [0.28 0.3  0.4  0.04]
 [0.2  0.42 0.3  0.1 ]
 [0.24 0.38 0.3  0.1 ]
 [0.08 0.38 0.42 0.14]
 [0.16 0.2  0.54 0.12]
 [0.14 0.2  0.54 0.14]
 [0.16 0.38 0.44 0.04]
 [0.14 0.08 0.72 0.08]
 [0.2  0.2  0.5  0.14]
 [0.2  0.18 0.46 0.16]
 [0.28 0.3  0.12 0.3 ]
 [0.2  0.3  0.4  0.12]
 [0.18 0.3  0.48 0.08]
 [0.28 0.42 0.2  0.1 ]
 [0.2  0.5  0.16 0.16]
 [0.18 0.16 0.52 0.16]
 [0.14 0.1  0.66 0.1 ]
 [0.12 0.28 0.38 0.24]
 [0.24 0.16 0.48 0.12]
 [0.18 0.32 0.38 0.14]
 [0.24 0.18 0.48 0.14]
 [0.24 0.5  0.16 0.14]
 [0.14 0.56 0.18 0.12]
 [0.22 0.3  0.38 0.12]
 [0.14 0.24 0.54 0.1 ]
 [0.2  0.4  0.36 0.06]
 [0.38 0.2  0.3  0.14]
 [0.16 0.32 0.34 0.18]
 [0.22 0.54 0.18 0.06]
 [0.08 0.34 0.44 0.16]
 [0.2  0.3  0.4  0.12]
 [0.12 0.4  0.38 0.14]
 [0.16 0.18 0.5  0.16]
 [0.16 0.28 0.5  0.08]
 [0.18 0.28 0.44 0.12]
 [0.22 0.34 0.34 0.12]
 [0.38 0.3  0.16 0.16]
 [0.08 0.34 0.36 0.24]
 [0.24 0.4  0.32 0.06]
 [0.12 0.44 0.4  0.06]
 [0.12 0.36 0.42 0.12]
 [0.08 0.4  0.36 0.16]
 [0.34 0.34 0.08 0.26]
 [0.12 0.44 0.34 0.14]
 [0.1  0.38 0.46 0.1 ]
 [0.16 0.14 0.52 0.2 ]
 [0.1  0.26 0.48 0.16]
 [0.12 0.22 0.52 0.16]
 [0.36 0.44 0.12 0.1 ]
 [0.16 0.28 0.36 0.22]
 [0.24 0.06 0.64 0.1 ]
 [0.16 0.2  0.52 0.12]
 [0.2  0.44 0.24 0.14]
 [0.2  0.26 0.46 0.1 ]
 [0.18 0.24 0.54 0.06]
 [0.2  0.52 0.22 0.08]
 [0.2  0.24 0.38 0.22]
 [0.18 0.2  0.5  0.14]
 [0.14 0.48 0.38 0.02]
 [0.24 0.02 0.6  0.18]
 [0.12 0.22 0.58 0.1 ]
 [0.18 0.08 0.62 0.12]
 [0.16 0.32 0.42 0.12]
 [0.34 0.   0.54 0.14]
 [0.18 0.38 0.32 0.14]
 [0.18 0.2  0.52 0.1 ]
 [0.34 0.08 0.28 0.3 ]
 [0.1  0.24 0.62 0.08]
 [0.18 0.24 0.52 0.08]
 [0.38 0.24 0.22 0.16]
 [0.14 0.38 0.26 0.22]
 [0.14 0.32 0.42 0.12]
 [0.26 0.14 0.5  0.14]
 [0.14 0.22 0.54 0.12]
 [0.08 0.38 0.38 0.16]
 [0.16 0.34 0.46 0.08]
 [0.36 0.1  0.34 0.22]
 [0.2  0.48 0.24 0.1 ]
 [0.38 0.46 0.08 0.12]
 [0.2  0.3  0.34 0.18]
 [0.36 0.1  0.34 0.2 ]
 [0.22 0.12 0.54 0.16]
 [0.18 0.12 0.52 0.2 ]
 [0.28 0.18 0.48 0.1 ]
 [0.26 0.2  0.46 0.1 ]
 [0.12 0.44 0.4  0.04]
 [0.18 0.32 0.4  0.12]
 [0.18 0.24 0.44 0.14]
 [0.2  0.44 0.26 0.14]
 [0.14 0.14 0.66 0.08]
 [0.1  0.38 0.46 0.08]
 [0.24 0.44 0.24 0.1 ]
 [0.12 0.36 0.42 0.12]
 [0.1  0.44 0.36 0.12]
 [0.18 0.34 0.36 0.14]
 [0.2  0.38 0.4  0.04]
 [0.14 0.42 0.34 0.14]
 [0.26 0.42 0.16 0.16]
 [0.2  0.2  0.48 0.14]
 [0.2  0.02 0.64 0.14]]